55
51
69
22
73
39
89
66
58
30
95
23
39
30
87
32
17
89
49
11
69
90
36
85
48
23
41
64
61
76
37
98
30
50
65
32
25
23
71
11
16
51
66
36
12
64
65
32
89
93
99
88
98
45
51
64
24
84
73
59
97
35
14
82
92
96
92
89
64
64
17
93
27
47
95
27
34
99
82
83
58
18
75
67
77
49
10
85
98
10
18
41
50
22
13
80
46
84
44
15
71
76
68
35
86
15
70
60
49
33
39
25
11
89
10
89
60
47
14
52
96
17
90
64
56
75
53
15
44
24
81
50
64
76
22
82
50
50
80
71
79
50
45
74
70
92
40
60
21
24
30
99
79
91
19
64
85
14
78
21
62
65
26
34
52
89
60
34
77
28
49
19
66
42
73
55
72
25
93
63
44
93
93
29
93
81
71
73
67
58
97
46
71
69
19
23
34
20
31
81
42
15
82
93
74
21
42
46
28
63
91
69
20
25
76
68
72
96
41
71
28
87
67
29
31
13
48
97
33
59
31
61
93
21
31
39
20
99
55
82
48
34
55
13
66
37
35
56
92
50
51
37
79
60
63
55
48
62
72
71
72
45
23
68
42
40
75
99
93
47
57
72
50
58
32
94
41
64
63
93
78
92
14
82
17
93
82
43
58
76
90
58
36
84
20
13
20
86
70
35
61
35
62
55
92
79
86
30
38
69
23
84
99
78
93
80
40
41
60
48
58
42
50
27
56
99
45
66
48
29
83
54
93
37
42
52
40
59
89
38
16
61
14
89
62
16
59
57
91
40
72
78
36
32
77
28
84
44
98
92
43
29
82
19
85
68
90
71
46
50
49
81
51
31
41
96
37
61
64
50
50
87
75
18
56
14
28
70
60
23
67
95
60
96
95
87
79
95
13
94
25
87
21
50
90
91
37
14
90
80
90
33
80
57
52
55
54
73
63
80
50
30
21
33
83
54
30
54
36
54
27
42
58
70
35
63
76
35
28
64
77
24
79
79
32
44
25
12
54
49
42
15
42
32
53
95
75
87
66
45
71
82
77
46
63
58
74
19
32
88
79
28
55
98
13
36
50
42
10
49
39
27
10
87
21
21
99
35
26
40
87
88
68
82
93
95
46
43
25
73
69
15
80
65
69
24
60
44
29
27
54
43
87
27
16
53
81
89
34
52
59
48
93
92
11
91
59
72
15
18
89
17
27
36
79
33
47
44
28
97
60
65
16
98
85
54
11
50
76
49
23
56
18
72
24
31
22
87
64
78
64
88
38
21
38
47
25
60
48
82
16
47
71
37
91
94
41
94
17
57
90
18
95
66
94
43
98
54
22
58
21
60
80
49
42
72
36
95
70
47
38
50
12
94
42
75
84
80
81
30
89
28
79
17
88
56
92
72
26
94
49
71
48
90
70
56
67
31
95
29
67
46
33
70
28
49
16
10
33
28
58
28
73
92
68
93
80
73
61
86
79
63
78
75
98
66
12
21
34
86
18
62
84
62
62
53
94
19
88
48
49
92
49
97
46
30
98
56
31
77
75
93
70
19
49
13
67
57
71
62
47
94
76
46
20
95
43
20
39
25
98
70
84
23
46
87
24
81
39
77
68
56
90
57
20
24
92
75
22
58
85
46
47
36
10
55
25
12
87
51
87
87
26
16
78
15
18
56
72
62
89
86
28
94
93
91
14
29
36
95
12
68
97
81
39
62
32
58
22
91
71
22
93
88
89
80
39
83
79
15
16
46
12
60
69
99
27
53
42
19
51
96
76
92
48
29
89
45
76
25
82
59
44
81
90
77
92
40
14
23
61
30
50
30
89
66
65
47
21
40
44
79
26
12
49
75
45
11
49
70
91
94
17
63
33
56
12
30
70
91
16
87
49
29
58
30
55
55
13
81
63
52
33
45
81
13
43
41
41
24
41
91
91
43
32
67
23
87
97
42
64
44
76
29
33
57
39
97
54
29
30
90
97
67
16
48
70
71
82
30
22
70
88
56
60
25
96
15
97
90
17
68
58
70
27
28
75
13
22
33
73
45
86
22
94
50
93
33
37
83
96
51
14
77
30
93
56
30
69
17
61
34
10
64
21
61
42
37
50
87
72
66
58
58
57
76
84
76
62
19
31
72
78
23
93
65
63
80
50
33
72
55
44
14
72
48
45
32
10
42
18
66
82
49
20
40
92
56
30
53
18
79
68
59
86
88
56
86
70
55
97
61
86
26
25
26
32
54
85
18
41
62
75
29
10
65
90
38
12
63