476
248
866
958
641
703
845
831
521
392
467
443
124
760
357
547
602
638
402
217
569
858
674
348
579
970
294
244
683
623
521
223
226
216
120
966
483
391
622
673
874
521
643
139
797
550
504
460
412
389
582
763
791
941
903
618
573
617
478
670
509
701
248
898
870
343
317
908
739
390
163
311
116
728
342
148
315
635
550
129
566
834
831
393
140
758
432
285
313
502
492
865
912
951
264
273
372
744
268
553
333
595
720
122
326
371
746
162
698
855
403
938
166
449
204
674
869
855
857
212
911
131
695
336
897
298
398
165
564
168
775
570
467
997
796
970
213
809
167
769
111
369
586
457
199
554
799
563
847
589
404
517
887
156
642
301
900
483
224
127
973
681
598
629
179
832
571
169
652
233
561
160
787
188
200
641
545
337
237
443
499
834
318
974
764
358
682
410
454
595
169
730
684
139
795
430
771
957
378
366
983
729
910
713
128
343
729
799
955
101
756
663
345
781
628
238
463
623
864
821
249
260
715
157
163
830
476
748
392
770
869
587
958
871
460
769
923
604
946
521
628
883
455
452
839
506
484
903
510
657
967
247
192
556
216
822
113
852
650
297
866
981
507
285
232
268
704
474
421
859
314
859
677
443
293
366
804
363
318
657
446
573
337
734
803
722
495
502
754
637
756
170
953
748
654
646
476
270
320
670
801
109
581
651
442
208
569
749
363
850
117
750
634
993
850
393
744
772
481
509
773
302
720
783
203
243
905
929
788
647
890
634
142
648
855
437
991
686
392
695
252
746
239
903
619
105
536
960
897
361
901
703
788
810
897
598
388
797
548
298
302
640
960
715
960
483
707
986
237
513
401
157
479
786
357
127
163
816
264
197
707
944
131
527
745
286
846
332
750
356
148
293
238
194
492
612
785
523
943
236
397
550
822
484
959
844
323
101
553
870
535
572
633
450
591
357
608
533
970
773
636
475
335
881
464
207
919
385
394
744
341
639
872
127
800
256
222
647
568
901
962
844
779
880
820
575
660
787
603
234
104
352
552
269
599
922
315
941
119
851
924
938
706
808
628
895
699
605
650
434
235
961
964
169
811
791
696
455
160
888
547
231
782
260
740
989
186
702
528
878
941
280
627
717
976
123
237
970
351
925
876
155
237
268
998
143
387
483
458
807
325
859
881
230
403
792
256
546
167
639
808
996
177
772
493
955
433
347
192
787
654
725
204
234
112
492
993
613
261
697
701
703
343
720
652
181
399
497
413
284
867
690
902
711
216
879
978
465
774
143
709
140
391
671
253
599
755
746
217
911
798
643
385
470
938
205
752
456
219
411
656
936
933
908
920
963
822
492
118
233
513
628
838
218
987
390
637
288
709
133
506
147
656
517
470
668
654
736
654
680
412
712
339
188
837
714
571
181
865
786
677
265
856
172
300
588
141
155
666
636
400
124
372
190
649
250
788
370
383
666
823
491
723
669
652
748
520
926
109
989
819
555
423
923
456
341
290
583
317
881
626
599
169
118
380
388
440
249
539
686
926
300
798
298
962
286
541
287
520
551
167
214
145
677
817
844
700
448
733
407
960
305
153
501
139
324
421
705
388
363
408
371
487
423
163
618
756
224
961
270
800
102
162
765
814
512
553
492
300
535
687
992
515
231
726
721
247
396
258
738
864
835
898
256
243
795
726
722
613
299
187
575
487
563
607
957
242
388
686
627
770
928
505
852
675
416
855
355
697
442
470
460
966
323
405
965
203
905
621
118
786
831
878
100
447
211
604
952
624
768
578
859
710
631
967
935
429
146
581
827
940
470
125
271
828
727
609
263
257
642
853
337
766
667
841
939
149
504
504
564
811
903
731
928
863
611
750
434
355
469
635
157
424
793
178
415
806
707
272
720
602
440
794
982
914
340
192
142
790
128
885
924
641
116
116
136
739
196
407
316
977
274
908
788
106
796
912
973
589
525
232
442
332
784
961
470
209
748
114
623
519
707
644
327
583
710
516
407
777
142
675
710
399
955
742
427
532
105
975
218
427
219
553
364
895
543
692
856
155
646
926
990
181
784
797
369
630
680
304
396
380
605
295
546
850
522
143
377
142
634
937
203
773
896
295
400
254
380
431
140
118
659
352
230
215
685
628
614
257
472
797
852
801
679
837
822
923
106
513
473
499
414
814
520
708
823
317
285
589
497
215
349
349
263
377
720
234
861
868
589
156
224
260
882
763
650
472
388
874
838
950
254
693
179
718
724
557
107
582
618
625
695
463
245
135
159
359
835
237
400